10000 4.721080799999999
10000 5.0613877
9999 3.3127205
9999 3.3339994
7639 2.0148167000000003
5859 1.7070069
2713 0.4567755
582 0.030627800000000094
7675 4.2722051
4887 1.4360839999999997
5477 1.520926
5477 0.0010735999999997858
5477 0.0010767000000000415
5477 0.0010721000000000203
5477 0.00106190000000006
5477 0.0010601000000001193
5477 0.0010655999999999999
5477 0.0012231999999998688
5477 0.0010878000000000831
5477 0.0011233999999999966
5477 0.0010943999999999399
5477 0.0010957000000000328
5477 0.001086400000000154
5477 0.0010677000000001158
5477 0.0011341000000000268
5477 0.0011019999999999364
5477 0.0013072000000000639
5477 0.0015104000000001339
5477 0.0010769999999999946
5477 0.0010628999999999778
